4294967278,570
4294967278,569
4294967278,568
4294967278,567
4294967279,376
4294967279,375
4294967279,374
4294967278,566
4294967278,565
4294967278,564
4294967279,373
4294967278,563
4294967278,562
4294967278,561
4294967279,372
4294967279,371
4294967278,560
4294967279,370
28,16
4294967279,369
4294967278,559
4294967278,558
4294967279,368
4294967278,557
4294967278,556
28,15
4294967279,367
4294967279,366
4294967279,365
4294967279,364
4294967278,555
4294967278,554
4294967279,363
4294967279,362
28,14
4294967279,361
4294967279,360
4294967278,553
4294967278,552
4294967279,359
4294967278,551
28,13
4294967278,550
4294967278,549
28,12
28,11
28,10
35,6
4294967278,548
35,5
35,4
35,3
35,2
35,1
35,0
34,8
4294967279,358
4294967278,547
34,7
4294967294,1414
4294967279,357
4294967278,546
34,6
4294967294,472
4294967279,356
4294967279,355
34,5
4294967278,545
34,4
34,3
34,2
34,1
34,0
4294967279,354
4294967278,544
4294967279,353
4294967279,352
4294967278,543
4294967279,351
33,8
4294967278,542
33,7
33,6
33,5
33,4
33,3
33,2
33,1
33,0
32,7
32,6
4294967294,471
4294967294,1413
32,5
32,4
32,3
32,2
32,1
32,0
4294967278,541
31,4
31,3
31,2
31,1
31,0
4294967279,350
4294967279,349
4294967278,540
4294967279,348
4294967278,539
4294967278,538
4294967294,1412
4294967278,537
4294967279,347
4294967279,346
30,5
30,4
30,3
30,2
30,1
30,0
4294967279,345
4294967294,1411
4294967278,536
29,5
29,4
29,3
29,2
29,1
29,0
4294967279,344
4294967279,343
4294967278,535
28,9
4294967294,1410
4294967278,534
4294967279,342
4294967279,341
28,8
4294967279,340
28,7
4294967278,533
28,6
4294967279,339
28,5
28,4
28,3
28,2
28,1
28,0
4294967279,338
27,5
27,4
27,3
27,2
27,1
27,0
26,4
26,3
26,2
26,1
26,0
4294967278,532
4294967279,337
4294967279,336
25,5
25,4
25,3
25,2
25,1
25,0
4294967278,531
4294967294,470
24,4
24,3
24,2
24,1
24,0
4294967279,335
23,4
23,3
23,2
23,1
23,0
4294967278,530
4294967279,334
4294967279,333
22,6
22,5
22,4
22,3
22,2
22,1
22,0
21,4
21,3
21,2
21,1
21,0
20,5
20,4
20,3
20,2
20,1
20,0
4294967294,1409
4294967294,184
19,4
19,3
19,2
19,1
19,0
4294967294,469
4294967278,529
11,15
4294967279,328
4294967293,131
4294967293,130
4294967293,129
4294967293,128
4294967293,127
4294967293,126
4294967293,125
4294967293,124
4294967293,123
4294967293,122
4294967293,121
4294967293,120
4294967293,119
4294967293,118
4294967293,117
4294967293,116
4294967293,115
4294967293,114
4294967293,113
4294967293,112
4294967293,111
4294967293,110
4294967293,109
4294967293,108
4294967293,107
4294967293,106
4294967293,105
4294967293,104
4294967293,103
4294967293,102
4294967293,101
4294967293,100
4294967293,99
4294967293,98
4294967293,97
4294967293,96
4294967293,95
4294967293,94
4294967293,93
4294967293,92
4294967293,91
4294967293,90
4294967293,89
4294967293,88
4294967293,87
4294967293,86
4294967293,85
4294967293,84
4294967293,83
4294967293,82
4294967293,81
4294967293,80
4294967293,79
4294967293,78
4294967293,77
4294967293,76
4294967293,75
4294967293,74
4294967293,73
4294967293,72
4294967293,71
4294967293,70
4294967293,69
4294967293,68
4294967293,67
4294967293,66
4294967293,65
4294967293,64
4294967293,63
4294967293,62
4294967293,61
4294967293,60
4294967293,59
4294967293,58
4294967293,57
4294967293,56
4294967293,55
4294967293,54
4294967293,53
4294967293,52
4294967293,51
4294967293,50
4294967293,49
4294967293,48
4294967293,47
4294967293,46
4294967293,45
4294967293,44
4294967293,43
4294967293,42
4294967293,41
4294967293,40
4294967293,39
4294967293,38
4294967293,37
4294967293,36
4294967293,35
4294967293,34
4294967293,33
4294967293,32
4294967293,31
4294967293,30
4294967293,29
4294967293,28
4294967293,27
4294967293,26
4294967293,25
4294967293,24
4294967293,23
4294967293,22
4294967293,21
4294967293,20
4294967293,19
4294967293,18
4294967293,17
4294967293,16
4294967293,15
4294967293,14
4294967293,13
4294967293,12
4294967293,11
